XLLCORNER 0
YLLCORNER 0
NROWS 10
NCOLS 20
CELLSIZE 1
NODATA_VALUE -9998
0 0 0 0 0 0 0 0 0 0 9 0 0 0 0 0 0 -9998 -9998 -9998
0 1 0 0 0 0 0 0 0 0 0 8 0 0 0 0 0 -9998 -9998 -9998
0 0 2 0 0 0 0 0 0 0 0 0 7 0 0 0 0 0 0 0
0 0 0 3 0 0 0 0 0 0 0 0 0 6 0 0 0 0 0 0
0 0 0 0 4 0 0 0 0 0 0 0 0 0 5 0 0 0 0 0
0 0 0 0 0 5 0 0 0 0 0 0 0 0 0 4 0 0 0 0
0 0 0 0 0 0 6 0 0 0 0 0 0 0 0 0 3 0 0 0
0 0 0 0 0 0 0 7 0 0 0 0 0 0 0 0 0 2 0 0
0 0 0 0 0 0 0 0 8 0 0 0 0 0 0 0 0 0 1 0
0 0 0 0 0 0 0 0 0 9 0 0 0 0 0 0 0 0 0 0